8 1 4 48 로비


12 2 8 48 테스트용


24 8 20 48 영원경기장진입준비…


22 9 18 48 영원전장진입준비…


24 10 20 48 신입수련장진입준비…


28 11 24 48 영원경기장수련진입준비…


26 12 22 48 영원전장수련진입준비…


24 13 20 48 아테나수호진입준비…


22 14 18 48 좀비모드진입준비…


24 15 20 48 용사냥모드진입준비…


29 16 25 48 오산전장진입준비[20v20]…


22 17 18 48 클론전쟁진입준비…


24 18 20 48 순위결정전진입준비…


24 19 20 48 영웅대난투진입준비…


22 20 18 48 탱크대전진입준비…


30 21 26 48 영원전장사망모드진입준비…


20 22 16 48 대난투진입준비…


8 88 4 48 관전


20 211 15 1 영원경기장[1v1]


18 212 13 1 영원전장[1v1]


17 250 12 1 SOLO 전용 방


22 251 17 1 영원경기장[10v10]


13 252 8 1 영원전장


15 253 10 1 아테나수호


15 254 10 1 영원경기장


13 255 8 1 클론전쟁


15 128 10 2 순위결정전


15 129 10 2 이차원살진


9 130 4 2 사냥


17 131 12 2 영원전장초월


15 132 10 2 아테나수호


13 142 8 2 좀비모드


15 152 10 2 용사 vs 용


15 153 10 2 용사 vs 용


20 162 15 2 오산전장[20v20]


19 172 14 2 영원경기장수련


17 173 12 2 영원전장수련


15 174 10 2 신입수련장


13 224 8 2 길드전장


15 226 10 2 길드경기장


11 244 6 3 대난투


