8 1 4 48 大厅


12 2 8 48 测试用图


24 8 20 48 准备进入永恒竞技场…


22 9 18 48 准备进入永恒战场…


24 10 20 48 准备进入新手训练营…


28 11 24 48 准备进入永恒竞技场试炼…


26 12 22 48 准备进入永恒战场试炼…


24 13 20 48 准备进入守护雅典娜…


22 14 18 48 准备进入僵尸模式…


24 15 20 48 准备进入勇者斗恶龙…


29 16 25 48 准备进入奥山战场[20v20]…


22 17 18 48 准备进入克隆战争…


24 18 20 48 准备进入天梯排位赛…


24 19 20 48 准备进入英雄大乱斗…


22 20 18 48 准备进入坦克大战…


30 21 26 48 准备进入永恒战场死亡模式…


20 22 16 48 准备进入大乱斗…


8 88 4 48 观战


20 211 15 1 永恒竞技场[1v1]


18 212 13 1 永恒战场[1v1]


14 250 9 1 5V5竞技场


22 251 17 1 永恒竞技场[10v10]


13 252 8 1 永恒战场


15 253 10 1 守护雅典娜


15 254 10 1 永恒竞技场


13 255 8 1 克隆战争


15 128 10 2 天梯排位赛


15 129 10 2 二次元杀阵


9 130 4 2 刷怪


17 131 12 2 永恒战场跨服


15 132 10 2 守护雅典娜


13 142 8 2 僵尸模式


15 152 10 2 勇者斗恶龙


15 153 10 2 勇者斗恶龙


20 162 15 2 奥山战场[20v20]


19 172 14 2 永恒竞技场试炼


17 173 12 2 永恒战场试炼


15 174 10 2 新手训练营


13 224 8 2 公会战场


15 226 10 2 公会竞技场


11 244 6 3 大乱斗


